16
0 10 10 6 20 14 13 1 20 14 46 9 8 9 12 3 
10 0 2 9 30 24 22 10 28 22 55 19 18 19 22 10 
10 2 0 10 30 23 21 10 27 20 54 18 18 18 22 9 
6 9 10 0 23 19 18 5 26 20 51 15 14 14 15 9 
20 30 30 23 0 9 11 19 17 17 30 13 13 12 8 20 
14 24 23 19 9 0 2 14 9 7 31 5 5 5 6 13 
13 22 21 18 11 2 0 13 9 5 33 3 4 4 6 11 
1 10 10 5 19 14 13 0 21 15 46 9 9 9 11 4 
20 28 27 26 17 9 9 21 0 6 27 11 13 13 15 18 
14 22 20 20 17 7 5 15 6 0 33 6 8 8 12 12 
46 55 54 51 30 31 33 46 27 33 0 36 37 36 35 44 
9 19 18 15 13 5 3 9 11 6 36 0 1 2 6 8 
8 18 18 14 13 5 4 9 13 8 37 1 0 1 5 8 
9 19 18 14 12 5 4 9 13 8 36 2 1 0 4 8 
12 22 22 15 8 6 6 11 15 12 35 6 5 4 0 12 
3 10 9 9 20 13 11 4 18 12 44 8 8 8 12 0
{} 
